C_RADICAL
EXTERNAL
BREAKSYM
ATOMREMO
1
69
OPTGEOM
ATOMONLY
ALLOWTRUSTR
ENDOPT
ENDGEOM  
6 5
0 0 6 2. 1.
   4563.240                  0.00196665
    682.0240                 0.0152306
    154.9730                 0.0761269
     44.45530                0.2608010
     13.02900                0.6164620
      1.827730               0.2210060
0 1 3 4. 1.
     20.96420                0.114660               0.0402487
      4.803310               0.919999               0.237594
      1.459330              -0.00303068             0.815854
0 1 1 0. 1.
      0.4834560              1.000000               1.000000
0 1 1 0. 1.
      0.1455850              1.000000               1.000000
0 3 1 0. 1.
      0.626                  1.000000
1 4
0 0 3 1. 1.
     33.86500                0.0254938
      5.094790               0.190373
      1.158790               0.852161
0 0 1 0. 1.
      0.325840               1.0000
0 0 1 0. 1.
      0.102741               1.0000
0 2 1 0. 1.
      0.750                  1.0000
99 0
ENDBASIS
DFT
SPIN
XXLGRID
PBEXC
ENDDFT
ATOMSPIN
1
4 +1
SHRINK
2 2
FMIXING
35
TOLINTEG
8 7 6 610
BIPOLAR
25 20
TOLDEE
8
MAXCYCLE
50
NOLOWMEM
SYMADAPT
BIPOSIZE
10000000
ENDSCF
