SCAN_H
EXTERNAL
OPTGEOM
SCANATOM
72
2.70168 -2.70167 3.61487
30
FRAGMENT
24
1 2 3 4 5 6 7 8 9 10 11 12 13 14 15 16 57 58 61 62 65 66 69 73
ATOMONLY
ALLOWTRUSTR
ENDOPT
ENDGEOM  
6 5
0 0   6 2. 1.
   4563.240                  0.00196665
    682.0240                 0.0152306
    154.9730                 0.0761269
     44.45530                0.2608010
     13.02900                0.6164620
      1.827730               0.2210060
0 1   3 4. 1.
     20.96420                0.114660               0.0402487
      4.803310               0.919999               0.237594
      1.459330              -0.00303068             0.815854
0 1   1 0. 1.
      0.4834560              1.000000               1.000000
0 1   1   1.00
      0.1455850              1.000000               1.000000
0 3   1   1.00
      0.626                  1.000000
1 4
0 0   3 0. 1.
     33.86500                0.0254938
      5.094790               0.190373
      1.158790               0.852161
0 0   1  0. 1.
      0.325840               1.000000
0 0   1  0. 1.
      0.102741               1.000000
0 2   1  0. 1.
      0.750                  1.000000
99 0
ENDBASIS
DFT
SPIN
XXLGRID
PBEXC
ENDDFT
ATOMSPIN
1
4 +1
SHRINK
3 3
FMIXING
40
TOLINTEG
8 8 7 7 12
TOLDEE
8
BIPOLAR
25 20
MAXCYCLE
25
NOLOWMEM
SYMADAPT
EXCHPERM
BIPOSIZE
10000000
ENDSCF
